Init
50,175  
Map
0,125 150,125
150,125 150,225
150,225 50,225
50,225 50,275
50,275 150,275
150,275 150,475
150,475 200,475
200,475 200,125
200,125 550,125
550,125 550,475
550,475 600,475
600,475 600,125
600,125 1000,125
1000,125 1000,625
1000,625 850,625
850,625 850,525
850,525 950,525
950,525 950,475
950,475 850,475
850,475 850,275
850,275 750,275
750,275 750,625
750,625 400,625
400,625 400,275
400,275 350,275
350,275 350,625
350,625 0,625
0,625 0,125
End
850,525,150,100
Enemies
20
15,275,False,275,625
65,610,False,275,625
115,275,False,275,625
165,475,False,475,625
215,125,False,125,625
265,610,False,125,625
315,125,False,125,625
365,125,False,125,275
415,125,False,125,625
465,610,False,125,625
515,125,False,125,625
565,475,False,475,625
615,125,False,125,625
665,610,False,125,625
715,125,False,125,625
765,125,False,125,275
815,260,False,125,275
865,125,False,125,475
915,460,False,125,475
965,125,False,125,475
