Init
500,575
Map
450,125 550,125
550,125 550,225
550,225 750,225
750,225 750,525
750,525 550,525
550,525 550,625
550,625 450,625
450,625 450,525
450,525 250,525
250,525 250,225
250,225 450,225
450,225 450,125
End
450,125,100,100
Enemies
12
265,225,False,225,525
315,510,False,225,525
365,225,False,225,525
415,510,False,225,525
465,225,False,225,525
515,510,False,225,525
565,225,False,225,525
615,510,False,225,525
665,225,False,225,525
715,510,False,225,525
250,400,True,250,750
735,350,True,250,750
CheckPoints
0