Init
400,100
Map
350,50 500,50
500,50 500,150
500,150 400,150
400,150 400,200
400,200 450,200
450,200 450,400
450,400 350,400
350,400 350,450
350,450 600,450
600,450 600,400
600,400 500,400
500,400 500,200
500,200 550,200
550,200 550,50
550,50 700,50
700,50 700,150
700,150 600,150
600,150 600,350
600,350 700,350
700,350 700,500
700,500 600,500
600,500 600,550
600,550 350,550
350,550 350,500
350,500 250,500
250,500 250,350
250,350 350,350
350,350 350,50
End
550,50,150,100
Enemies
19
350,220,True,350,435
435,270,True,350,435
350,320,True,350,435
435,370,True,350,435
335,370,True,250,335
250,420,True,250,335
335,470,True,250,335
360,535,False,450,535
430,450,False,450,535
480,535,False,450,535
530,450,False,450,535
580,535,False,450,535
600,470,True,600,685
685,420,True,600,685
600,370,True,600,685
500,370,True,500,585
585,320,True,500,585
500,270,True,500,585
585,220,True,500,585