Init
150,315
Map
250,100 700,100
250,100 250,300
700,100 700,300
250,300 200,300
200,300 200,250
200,250 120,250
120,250 120,400
120,400 200,400
200,400 200,350
200,350 250,350
250,350 250,550
250,550 700,550
700,550 700,350
700,350 750,350
750,350 750,400
750,400 830,400
830,400 830,250
830,250 750,250
750,250 750,300
750,250 750,300
750,300 700,300
End
750,250,80,150
Enemies
9
260,120,False,110,530
310,510,False,110,530
360,120,False,110,530
410,510,False,110,530
460,120,False,110,530
510,510,False,110,530
560,120,False,110,530
610,510,False,110,530
660,120,False,110,530